probID	clust
8091715	2
7919815	2
8138602	2
8077270	2
8140668	2
8127380	2
7909422	2
8154823	2
8013384	2
8063187	2
8015016	2
8092978	2
8020762	2
8135774	2
8058708	2
8015387	2
8005449	2
7920285	2
8021584	2
7963410	2
7915184	2
7951217	2
7951309	2
7955297	2
8049349	2
7944164	2
7963427	2
8015337	2
8091515	2
7952290	2
8084766	2
7936144	2
8043522	2
8009951	2
8064904	2
7951297	2
7951271	2
8096301	2
7951259	2
8061883	2
8015133	2
8021603	2
7902702	2
8023696	2
8095697	2
8140840	2
7970864	2
8103722	2
8138381	2
8158167	2
8126820	2
8092726	2
7996819	2
8126839	2
7964927	2
8046124	2
8095688	2
7927529	2
8127065	2
8006736	2
8033097	2
7968637	2
8169221	2
8169665	2
7920487	2
8018646	2
8132715	2
8120011	2
8158930	2
8164766	2
8042843	2
8165024	2
8093096	2
8121547	2
8141728	2
7902158	2
8107909	2
8132743	2
7943738	2
7997374	2
8151127	2
7915425	2
8096061	2
7922804	2
8103064	2
7927915	2
7930320	2
7897966	2
7955156	2
7957514	2
7985147	2
7943387	2
8114354	2
8073766	2
8017365	2
8023843	2
8047492	2
7993713	2
8054486	2
7951672	2
7975676	2
8056022	2
7922382	2
8008609	2
8076612	2
7961875	2
8054166	2
8092295	2
7898124	2
7930818	2
7960984	2
7942315	2
8126184	2
7917276	2
7900635	2
8155747	2
7927723	2
7903959	2
8128726	2
8131452	2
8048870	2
8040672	2
8157632	2
8104492	2
7900076	2
7953520	2
7959330	2
8004889	2
8123303	2
7932744	2
7926638	2
8121015	2
8107591	2
7900639	2
8061272	2
8008040	2
8000034	2
8154892	2
8055361	2
8085732	2
8057463	2
8111506	2
7916629	2
8007176	2
8023314	2
7921473	2
7959108	2
8043747	2
8011990	2
8083897	2
7976578	2
8142079	2
7971126	2
8022666	2
7996198	2
7917019	2
8121622	2
7932598	2
8150691	2
7943740	2
7921862	2
8070603	2
8094988	2
8141846	2
8121193	2
8058203	2
7907232	2
8123893	2
8044278	2
8048081	2
8056710	2
8095819	2
8041561	2
8175755	2
7944869	2
7975971	2
7922152	2
7942941	2
7945321	2
7916616	2
8151310	2
8069795	2
7962274	2
8059878	2
7990555	2
8021131	2
8064322	2
7959638	2
8152962	2
7989146	2
8093258	2
8172225	2
8122827	2
8151999	2
7902660	2
7909768	2
7916789	2
8106950	2
8082643	2
7900555	2
7946365	2
8113483	2
8091922	2
8094533	2
8135341	2
8095021	2
7898623	2
8085062	2
7931281	2
8133770	2
7983828	2
8084165	2
8122202	2
7943376	2
8089659	2
8081503	2
8094190	2
8051135	2
7992917	2
7969166	2
8136495	2
7962455	2
8046646	2
7901272	2
8063761	2
8085164	2
8068383	2
8111019	2
8127072	2
7930593	2
8099476	2
7901175	2
8179861	2
8111864	2
7918294	2
7985398	2
8166690	2
7936201	2
8091887	2
7968866	2
7940323	2
8080863	2
7926622	2
8063601	2
8044669	2
7916506	2
8109629	2
8146468	2
8088292	2
8091910	2
7981346	2
8104856	2
8121370	2
8058462	2
7961844	2
8142646	2
7957433	2
7918973	2
8085867	2
8122561	2
8166671	2
7947282	2
8081903	2
7934334	2
7971757	2
8005289	2
7997556	2
8002446	2
8004957	2
7959681	2
8131719	2
7957673	2
8057821	2
8043043	2
8088299	2
8136315	2
8141882	2
7993898	2
8078690	2
8076113	2
7947947	2
8130664	2
7933933	2
8100943	2
8150002	2
7981142	2
7983228	2
8117045	2
8146967	2
8081288	2
8097335	2
8162117	2
7950391	2
7938816	2
8145611	2
8044143	2
8107594	2
7972650	2
8174654	2
8177222	2
7958253	2
8002020	2
8138157	2
7955469	2
8090938	2
8158902	2
8011680	2
8009493	2
8041987	2
7985352	2
8071676	2
8002897	2
8090567	2
7938082	2
8059580	2
8084788	2
8087481	2
8007707	2
7916364	2
8157818	2
8025004	2
8087653	2
7957510	2
8038048	2
8066347	2
8061620	2
7933394	2
8004580	2
7915743	2
8158081	2
8008350	2
8090972	2
7996117	2
7911643	2
8009585	2
8059028	2
8026587	2
8039362	2
7942489	2
8010328	2
8170468	2
8084895	2
8129880	2
8051361	2
7979505	2
7979510	2
7966234	2
8063000	2
8116439	2
8101904	2
8096511	2
7973974	2
8031999	2
8022646	2
8173825	2
8173869	2
8103544	2
8116780	2
7967325	2
7983256	2
8120335	2
8022692	2
8115302	2
8136839	2
7968062	2
8028984	2
7902850	2
8067125	2
7921909	2
8002882	2
7983393	2
7983650	2
8061894	2
8091385	2
8067140	2
7918936	2
8051275	2
8030094	2
7937612	2
8033674	2
8000346	2
8064613	2
7907260	2
8109926	2
7919787	2
7901993	2
7936734	2
7951593	2
8053073	2
8135601	2
7903592	2
8040190	2
8127743	2
8138392	2
8091600	2
8095585	2
8146839	2
7993638	2
8044818	2
8147661	2
8122734	2
8039144	2
7924058	2
7978706	2
8083415	2
8161945	2
7971905	2
8138466	2
8029086	2
8160670	2
8124388	8
8124531	8
7940147	8
7953218	8
7909708	8
8105828	8
8117594	8
7937020	8
7979307	8
8061579	8
8102643	8
8155214	8
8014974	8
8132318	8
8040223	8
7983969	8
8094278	8
8006459	8
8097991	8
8174598	8
8046488	8
7969243	8
8073068	8
8151032	8
8073062	8
7929438	8
8112376	8
8019842	8
8146357	8
8160879	8
7969986	8
7912145	8
8068022	8
7935230	8
7951485	8
7954527	8
8105267	8
8094240	8
8096602	8
8124650	8
7948894	8
8135943	8
7920873	8
8116952	8
8102787	8
8169634	8
7922229	8
8006433	8
7922976	8
7934916	8
8006453	8
8044574	8
8102594	8
8040440	5
8102592	5
7971653	5
7902541	5
7953835	5
7963851	5
8089568	5
8041422	5
7902594	5
8173745	5
8047677	5
8081799	5
8105331	5
8173444	5
7944185	5
8168531	5
7918457	5
8059413	5
7987405	5
8046695	5
7965541	5
7909789	5
8102587	5
7964722	5
8096070	5
7996022	5
8060940	5
8129082	5
8162870	5
8136790	5
8140367	5
7977409	5
8006594	5
7942123	5
7963567	5
8108981	5
8021301	5
8169263	5
7909164	5
8008454	5
8027002	5
7982366	5
8071420	5
8008885	6
7974335	6
7976812	6
7903358	6
8152617	6
8081657	6
7980316	6
8134036	6
8063458	6
8146957	6
8059376	6
8099685	6
8006445	6
8060963	6
8035517	6
8147777	6
7912887	6
7936968	6
8137264	6
8160889	6
8059905	6
8134263	6
8016646	6
8046922	6
8057620	6
8159142	6
7988467	6
7995681	6
8140556	6
8056257	6
7965403	6
8129573	6
7949588	6
7965873	6
8130867	6
8163637	6
8164200	6
8102328	6
8105348	6
7952268	6
8171172	6
8114249	6
7904293	6
8156783	6
7970954	6
8063437	6
8103254	6
8148070	6
7907286	6
8144802	6
8111443	6
8089544	6
8139087	6
7960771	6
8106573	6
7923562	6
8093104	6
8126784	6
7917728	6
8048995	6
7918794	6
8100827	6
8053718	6
8043446	6
7953333	6
8044611	6
8043478	6
8071642	6
8043360	6
8029136	6
8114511	6
7993267	6
8116559	6
7938183	6
8172471	6
7921237	6
8046408	6
8043426	6
8001102	6
8043441	6
8043465	6
8043480	6
8043438	6
8043433	6
8043431	6
8043468	6
7981740	6
7932938	6
7981722	6
7981728	6
8001104	6
7986639	6
8043476	6
8043459	6
8043474	6
8043449	6
8043470	6
7981732	6
7981601	6
8053690	6
7981724	6
8053735	6
7986637	6
8043436	6
8071658	6
8071655	6
8074944	6
7981737	6
8043443	6
8043456	6
7953873	6
7950743	6
8095343	6
8099850	6
8168524	6
7906613	6
7908968	6
7957458	6
8112428	6
7909350	6
8095467	6
7940287	6
8095886	6
7965486	4
7917433	4
8133062	4
7901931	4
8154670	4
7965226	4
7972239	4
8102468	4
7909503	4
7924508	4
8081488	4
8112649	4
8077366	4
7909510	4
7954645	4
8131666	4
7988093	4
8097841	4
8129071	4
8058670	4
8088866	4
8083978	4
8101587	4
8046792	4
8142930	4
7928671	4
8126750	4
7984569	4
8078461	4
7974125	4
8081362	4
8134051	4
7968577	4
7964997	4
8089596	4
7943442	4
8159876	4
8120222	4
8147313	4
8046147	4
8157058	4
7993664	4
8001423	4
7989055	4
8112439	4
8114030	4
7958620	4
8042168	4
7898957	4
7944751	4
7900159	4
8083616	4
8056995	4
8025958	4
8127756	4
8173941	4
7958692	4
8091446	4
8112668	4
8122071	4
8019563	4
8052399	4
8081710	4
8138613	4
8008682	4
8014248	4
7962312	4
7941714	4
7975136	4
8099721	4
8151890	4
7907657	4
8145293	4
7904361	4
8084717	4
8060897	4
8169294	4
7901720	4
7973850	4
8171921	4
8117054	4
8161865	4
8053551	4
7981514	4
7925954	4
7964602	4
8036324	4
8091354	4
8068522	4
8168589	4
8122396	4
7947199	4
8133938	4
7968015	4
7950810	4
8149551	4
8083779	4
7903227	4
7952526	4
8120967	4
7938348	4
7972661	4
8146788	4
8154416	4
7932637	4
8111584	4
8053797	4
8043697	4
8043687	4
7932326	4
8092418	4
8101637	4
7940654	4
8108995	4
7939665	4
8048205	4
8107897	4
8003667	4
8077970	4
8054377	4
8094520	4
8146863	4
7936835	4
8085774	4
7982377	4
8061013	4
8020164	4
7921099	4
8068671	4
7920552	4
8020308	4
8145555	4
8149927	4
7922756	4
7951479	4
8067040	4
8123006	4
8129953	4
8105596	4
8175539	4
7922994	4
7918878	4
8005048	4
8121729	4
7999674	4
8097080	4
8135990	4
8042788	4
8025918	4
8048541	4
7934906	4
7946589	4
7932082	4
7936494	4
8104022	4
7935613	4
8022674	4
8140534	4
8062571	4
8155327	4
7943892	4
7925452	4
7909841	4
7924619	4
7924450	4
8102232	4
8112731	4
8088180	4
8150751	4
7908488	4
8140782	4
8157193	4
7951077	4
7972003	4
7965166	4
8046048	4
7927876	4
8103025	4
7908397	4
8101780	4
7944803	4
8083260	4
7930837	4
7940226	4
7988672	4
7998434	4
8154295	4
8102792	4
8097957	4
8102532	4
8097692	4
8127193	4
8173917	4
8127346	4
8091867	4
8162404	4
7931977	4
7933733	4
8155665	4
8126760	4
7918857	4
8109490	4
7932584	4
8135218	4
8168622	4
7954481	4
7965941	4
8162373	4
7908459	4
8081081	4
8003814	4
8160168	4
7961514	4
8140686	4
7913582	4
7947512	4
7903214	4
7908204	4
8042439	4
8088919	4
8162394	4
8014768	4
7933194	4
8080964	4
7950764	4
8081686	4
8160260	4
7976073	4
7907222	4
7927681	4
8057486	4
7974316	4
8096959	4
7971077	4
8046895	4
7929511	4
8022612	4
8122222	4
8151684	4
7921916	4
7954293	4
8151816	4
8167973	4
8041383	4
8114920	4
8159521	4
8067157	4
8163908	4
8166079	4
8056890	4
8113504	4
8022283	4
7948167	4
7980152	4
8081001	4
8151709	4
7981949	4
7981962	4
7981994	4
7981996	4
7918426	4
7954899	4
7910111	4
8126770	4
7906339	4
8052916	4
7906443	4
7906348	4
7906355	4
7928107	4
8040430	4
8112615	4
8117165	4
8092230	4
8173299	4
8126853	4
7980485	4
8067233	4
7953200	4
8123104	4
7979241	4
7926223	4
7961983	4
8047738	4
7935058	4
8104079	4
7961102	1
8118249	1
8016044	1
8063716	1
7973108	1
7963760	1
7996100	1
8088813	1
7898448	1
7992811	1
7951246	1
8029280	1
8149137	1
7969288	1
8016932	1
7977161	1
7926334	1
8122058	1
8157446	1
8157450	1
8010915	1
8042637	1
8080344	1
8110106	1
8105987	1
8171435	1
7909446	1
8102342	1
7963786	1
8135069	1
8063382	1
8115851	1
7938390	1
8083594	1
8130556	1
7940717	1
7958174	1
8154233	1
7994280	1
8161701	1
8102800	1
7903920	1
8038824	1
8072678	1
7897620	1
8088106	1
7986092	1
8025741	1
7951385	1
8027862	1
8031213	1
8039226	1
8018189	1
8034873	1
8039212	1
8031207	1
8039236	1
8039096	1
7959834	1
7998940	1
8029914	1
8160297	1
7983910	1
8029907	1
8097903	1
8103951	1
8152988	1
8030860	1
8038899	1
7914950	1
8048283	1
8157524	1
7960794	1
8136557	1
8035456	1
8175933	1
8061668	1
8115957	1
8033605	1
8072744	1
7914112	1
8071069	1
8030782	1
8039196	1
8064451	1
8089911	1
8119132	1
8103311	1
8103326	1
7934979	1
8112045	1
8167305	1
7905986	1
8123137	1
8137526	1
7948612	1
7950067	1
8005839	1
7931754	1
8106280	1
8098195	1
8111941	1
8169504	1
8113491	1
7898693	1
8163775	1
8064894	1
8029437	1
8100507	1
7900365	1
8150889	1
8058498	1
8145227	1
8062782	1
7955663	1
8029784	1
8126214	1
8090823	1
8170364	1
7915229	1
8109120	1
8074131	1
8125383	1
8013965	1
8148476	1
8010139	1
7986132	1
7928705	1
8066848	1
8083447	1
7903393	1
7992293	1
8168028	1
7915919	1
7905606	1
8109333	1
8015846	1
7914042	1
7946641	1
8130739	1
7970763	1
8170420	1
7904761	1
8044021	1
8044035	1
7941236	1
7950555	1
8037614	1
8114797	1
8018379	1
8038163	1
8023995	1
7948630	1
8041582	1
8032392	1
7934185	1
8076137	1
7940191	1
7950671	1
8018449	1
8079462	1
7921088	1
8142981	1
7951662	1
8036473	1
8072626	1
7952752	1
8043504	1
7938758	1
7997188	1
7997192	1
7925929	1
7931832	1
8168749	1
7976496	1
8085360	1
8141374	1
7938563	1
8129618	1
8122816	1
7902687	1
8129562	1
8025828	1
8114572	1
8123936	1
8115831	1
8163002	1
8030999	1
8171418	1
7960865	1
8018864	1
8024485	1
8162276	1
7982597	1
7933084	1
7954055	1
8069676	1
8070665	1
7912157	1
7922162	1
7995793	1
7995838	1
8001531	1
7995806	1
7995783	1
8095376	1
8162531	1
7995797	1
7995813	1
8062119	1
7995787	1
7995803	1
7917875	1
7926037	1
8150592	1
7936242	1
7978644	1
8086330	1
7965606	1
8145281	1
8103975	1
8031374	1
8042503	1
8044049	1
7909371	1
8124280	1
8129637	1
8048227	1
8058905	1
7905571	1
7920244	1
7920238	1
8136662	1
7953749	1
7973110	1
7979085	1
7904226	1
8108873	1
8010271	1
8063345	1
7928308	1
8141094	1
8012349	1
8174361	1
8161648	1
7943984	1
8125919	1
8044391	1
7987145	1
7918533	1
8104930	1
8092970	7
8146687	7
7977621	7
8032926	7
7908924	7
7917649	7
7939052	7
7980908	7
8056518	7
8036055	7
8062864	7
8078155	7
7962058	7
8047300	7
8172043	7
7966026	7
8105778	7
8147891	7
7921690	7
8141342	7
7904433	7
7945680	7
7945232	7
7946579	7
7997904	7
8093494	7
8118228	7
8073148	7
7919747	7
7919749	7
8105937	7
8177527	7
8117018	7
7964246	7
8137668	7
8097116	7
8098193	7
8165663	7
8165672	7
8165658	7
8165667	7
8165684	7
8165680	7
8165682	7
8165703	7
8165696	7
8165694	7
8165709	7
8019804	7
8094134	7
8149356	7
8144388	7
8151625	7
7970737	3
7956878	3
8043981	3
8063923	3
8100798	3
7960900	3
7953021	3
8129861	3
8003656	3
8026631	3
8049990	3
8107563	3
8088415	3
8136448	3
7918323	3
8166925	3
7972487	3
8080810	3
7957126	3
8019988	3
8054254	3
8043244	3
8026915	3
8123976	3
8074473	3
7955578	3
8087624	3
8109612	3
8006900	3
8125780	3
7972745	3
8090343	3
7984174	3
8013947	3
7966839	3
7996219	3
8110631	3
8008900	3
8036890	3
8066489	3
8054872	3
8004741	3
7931031	3
7983413	3
7988380	3
8041940	3
8092596	3
8121949	3
8095080	3
7925320	3
8142194	3
7915787	3
8097098	3
8173955	3
8117243	3
8142554	3
8167763	3
8014361	3
7946860	3
8163716	3
7902425	3
7934936	3
7990391	3
7985268	3
8036913	3
8076344	3
8019357	3
8070632	3
7909877	3
7926152	3
7948987	3
7955063	3
7902290	3
8013243	3
8038202	3
7937079	3
8151942	3
7978553	3
8127094	3
7936322	3
8128043	3
7996341	3
8022531	3
8042942	3
7948420	3
8124855	3
7950641	3
7993756	3
8082673	3
8000574	3
8038213	3
8118324	3
8149725	3
8166797	3
7930106	3
8019392	3
8062041	3
8070961	3
8056457	3
8104422	3
8098671	3
8097628	3
8140709	3
8056611	3
7935535	3
8147244	3
7968789	3
8122457	3
7899361	3
7940643	3
7901316	3
8109462	3
7905664	3
8104570	3
7959893	3
8057056	3
8057377	3
7989073	3
8166289	3
8126324	3
7923850	3
8004784	3
7928632	3
7954810	3
8044353	3
8091678	3
8049487	3
8097829	3
8101031	3
7956271	3
8087925	3
8095986	3
8052753	3
7929816	3
7934719	3
8101992	3
7998784	3
8092348	3
8082928	3
7999387	3
8179967	3
8082974	3
8126798	3
8058591	3
8087691	3
7987815	3
8057418	3
8081838	3
8092707	3
8116932	3
8147132	3
8149685	3
8071086	3
8118061	3
7946504	3
7909285	3
8107129	3
8059538	3
8083494	3
7967034	3
7971444	3
7903935	3
7903945	3
8017766	3
8169492	3
8133876	3
7898793	3
7898805	3
7975799	3
8051396	3
7903980	3
8166065	3
7968344	3
7977786	3
8173287	3
7983704	3
8144917	3
7908376	3
8008598	3
8046003	3
8162086	3
7920278	3
8025103	3
8060675	3
8137257	3
8137232	3
8143781	3
8131067	3
7920506	3
7978712	3
7982854	3
8126163	3
7944876	3
7927277	3
7933298	3
7913655	3
8061564	3
8045009	3
8017547	3
8075924	3
8132118	3
8038407	3
7950473	3
8011062	3
8087611	3
8001547	3
8040238	3
8104746	3
8098060	3
7964872	3
8154692	3
7917850	3
8113666	3
7934215	3
7933855	3
8055323	3
8103789	3
8022559	3
8020551	3
8083471	3
8098470	3
7972713	3
8023401	3
8103769	3
7983890	3
8013989	3
7978376	3
8057898	3
7909954	3
8091780	3
7968650	3
7921702	3
7940530	3
8065427	3
8149324	3
8075106	3
7992463	3
8090469	3
8158739	3
7952453	3
7996264	3
8164252	3
7952436	3
7955562	3
7997726	3
8042079	3
8050537	3
8041763	3
7984353	3
8016841	3
8041781	3
8079060	3
7914075	3
7928944	3
8171205	3
7934161	3
7953949	3
8081890	3
8104901	3
7944970	3
8094340	3
8127502	3
7960438	3
7960464	3
7905801	3
7930915	3
8101881	3
8163202	3
8063497	3
8109383	3
8094301	3
8171427	3
8100393	3
8122860	3
8166784	3
8023727	3
8088979	3
7978407	3
8105121	3
7997504	3
8171359	3
8110265	3
8007420	3
8023575	3
8122176	3
8083599	3
7957221	3
8167027	3
8176193	3
8148591	3
8151457	3
8141328	3
7980616	3
8047926	3
8069178	3
7954559	3
7930894	3
8046099	3
8111677	3
7950885	3
8057797	3
8134460	3
8008113	3
8083240	3
8132092	3
8171313	3
8057599	3
8138504	3
7970924	3
8122637	3
8085556	3
7972157	3
7902565	3
7966690	3
7954589	3
7910915	3
8045776	3
7922474	3
8077490	3
8077499	3
8023710	3
7968556	3
8046428	3
7965156	3
8111153	3
7972217	3
7958000	3
7977497	3
8105146	3
8117020	3
7961626	3
8080578	3
8092328	3
8163086	3
7919314	3
8155673	3
7940333	3
8075390	3
8117106	3
8154135	3
8104693	3
8154981	3
7989596	3
8044882	3
7932453	3
8166243	3
8152764	3
8109283	3
7995525	3
8116980	3
8149885	3
